phone 	 Mean Score 	 Std. Score 	 Mean duration 	 count
AA	11.0201387063	0.554754098156	114.850746269	67
AE	11.3608966876	0.786003218602	139.782608696	23
AH	10.5263726471	0.768805151319	79.2096505824	601
AO	10.3601343675	0.712215183385	90.1111111111	45
AW	0.0		0.0		0.0		0
AY	11.3286281051	0.58404464061	166.304347826	23
B	10.1292082736	0.75483515991	68.6363636364	22
CH	11.2447270661	0.512523249063	157.518518519	135
D	10.3729546702	0.674915926247	70.0892857143	112
DH	10.3456730652	0.691942870658	59.1772151899	79
EH	9.69634900962	0.430427476177	61.8181818182	22
ER	10.5800938842	0.6263460675	104.782608696	46
EY	10.7972617117	0.639655362582	119.897959184	98
F	10.771924251	0.623837725487	92.8888888889	90
G	10.3781924947	0.667219218846	79.347826087	46
HH	10.1836469679	0.698858069182	106.818181818	22
IH	10.1865690193	0.708703228595	75.4330708661	254
IY	10.8305371857	0.596027512083	119.601226994	163
JH	0.0		0.0		0.0		0
K	10.8991679469	0.641248763252	105.36036036	111
L	10.7418730795	0.653765341872	111.517857143	112
M	10.4124951965	0.513903552505	89.8529411765	68
N	10.5239514318	0.711093528065	86.8457943925	428
NG	10.6255863131	0.716655121223	107.388059701	67
OW	11.0480036839	0.720669089757	122.142857143	91
OY	0.0		0.0		0.0		0
P	11.0224542655	0.640064441183	90.1111111111	135
R	10.2910613087	0.613067735078	72.6785714286	224
S	10.8279389821	0.719684149546	141.567164179	201
SH	10.6243110443	0.596578763923	111.444444444	90
T	10.7484818972	0.712233047336	100.0		90
TH	10.5806329616	0.591856355172	84.4545454545	55
UH	10.7309038258	0.867567560333	87.6666666667	15
UW	10.6290568269	0.671845178645	113.965517241	58
V	10.6669162634	0.539747984637	85.4411764706	68
W	10.4486820156	0.676061803492	96.9117647059	68
Y	0.0		0.0		0.0		0
Z	10.8774642892	0.601530003604	124.782608696	46
ZH	0.0		0.0		0.0		0
