1,0,2,11.2428755926,0.537176342149,2.43909495345,121.0,28.4722086721,3.30146498583
1,1,26,11.4315788713,0.528142195077,1.83422706192,110.333333333,19.6185852927,3.33017556355
1,2,27,10.3850887088,0.527615128948,2.70317531425,80.1111111111,12.4046984328,2.02432257802
1,3,24,11.0887600295,0.588593104267,2.2016379208,115.666666667,24.4404037064,2.83683257307
1,4,7,11.3338872036,0.381903739725,1.85030500999,132.555555556,28.6088995909,3.06043073336
1,5,9,10.4476893708,0.569393915283,2.96545710727,63.2222222222,27.9911802688,6.13685368492
1,6,2,10.6263863696,0.619178459789,2.15968830145,85.8888888889,16.1688620121,2.41891551068
1,7,30,11.0890696035,0.517542945341,2.10737886869,115.666666667,26.5329983228,2.66335021044
1,8,17,10.6588249892,0.443986865969,1.81950566488,102.111111111,17.5906821575,2.43815950427
1,9,7,10.9905794617,0.564367630933,1.84170304316,117.888888889,18.8116066089,2.81150302514
1,10,16,10.1939482817,0.677334789639,2.36680297148,74.5555555556,14.9004929904,2.04318370298
1,11,23,10.8163677592,0.68958902445,1.70914134355,116.111111111,27.5860046821,2.21529401649
1,12,2,10.552117482,0.676222098343,2.42553594646,88.1111111111,44.6130136581,5.08571087862
1,13,34,10.5121196188,0.497684334378,1.84827145201,73.2222222222,20.252724249,2.06282262397
1,14,26,10.9324778163,0.475246152365,2.55205223975,75.6666666667,22.0504472114,2.69079954545
1,15,27,10.3938987157,0.638543063185,1.67172065016,57.8888888889,9.09755088465,2.98004500935
1,16,2,9.93376237665,0.860324914402,1.85405028049,48.7777777778,7.68516287368,3.4120580986
1,17,22,9.87209258273,0.538328479907,2.60422460968,57.8888888889,10.2463483408,2.64592908706
1,18,2,10.6842172583,0.54721230649,2.1799960597,88.5555555556,14.4768866444,2.31787098842
1,19,22,10.5342933799,0.762220247915,2.82192509641,77.0,17.4610678049,3.3216754352
1,20,28,10.983229382,0.957678237001,1.5579024079,105.666666667,29.6198131887,2.04817857156
1,21,17,11.1702637809,0.695357267321,2.11253556516,128.333333333,28.9059778516,2.65227722308
1,22,12,10.7036533139,0.580735309491,1.89463884276,112.333333333,23.2283351869,2.26734573282
1,23,29,10.776776156,0.619139408746,3.57414919286,110.777777778,12.5589965786,2.05253481967
1,24,2,10.2323886127,0.839599185001,2.47630843824,74.7777777778,17.3190824608,2.32242223647
1,25,22,10.6068927426,0.658473918131,2.24736789808,100.111111111,40.0900221569,2.86577264635
1,26,35,10.4470394613,0.763650022336,2.00199163739,92.1111111111,31.7365700186,1.66649669003
1,27,16,9.88361164364,0.590197566452,2.97938872039,60.3333333333,12.5786415094,1.96099607801
1,28,31,10.6759374616,0.609526997568,2.05289099901,75.6666666667,21.7460085737,1.80876105148
1,29,21,10.4728914943,0.488482492869,2.69343136573,95.8888888889,27.5537633826,2.50822764758
1,30,3,10.3601343675,0.712215183385,2.40174529491,90.1111111111,22.6688452112,2.86246997958
1,31,27,10.2095577818,0.714761915366,2.90766524582,77.0,17.8387842137,2.13019001434
1,32,19,11.0326747703,0.534151254619,2.29779452578,117.666666667,25.8542925729,2.81062289606
1,33,0,11.0037769834,0.60533607632,2.11568441996,113.888888889,23.2113212054,2.1062518784
1,34,22,10.4847291842,0.651742251723,2.60973630015,76.7777777778,14.3432351672,1.96763295681
1,35,13,10.8362180039,0.593831955283,1.95755952512,91.2222222222,16.7715220125,2.75599448802
1,36,2,10.3079071742,0.654249509797,2.22701178822,58.5555555556,11.5769033579,3.14803046357
1,37,8,10.3745205206,0.722364833655,2.31717416315,63.8888888889,16.0861876185,3.79898037747
1,38,2,10.596610277,0.625017964951,2.14097306781,75.4444444444,19.5454519354,2.53540085537
1,39,22,10.9594621176,0.547303499615,2.10313797034,90.1111111111,22.7666639553,2.41093244916
1,40,28,11.3150928313,0.425150674363,2.39121152832,214.333333333,89.8739858543,1.88411954498
2,0,16,10.5938888437,0.461590504094,2.19304802235,104.565217391,19.2191618307,1.58356451113
2,1,14,10.3381651311,0.821110281943,2.18688708866,85.8695652174,18.1570547981,2.70585925575
2,2,37,10.5852027765,0.570168266651,2.19598149955,123.260869565,14.3412369587,2.21313757846
2,3,1,11.3608966876,0.786003218602,1.76740993317,139.782608696,40.7398496526,2.09174535574
2,4,21,10.2943285269,0.541158202669,2.80435039104,78.0434782609,9.97160429668,2.31090981704
2,5,16,10.3230606458,0.600479859941,1.90596036539,62.3913043478,8.4531400414,2.05737799949
2,6,22,10.41877022,0.660645471234,2.64746302593,106.739130435,44.296645659,3.57275064987
2,7,35,10.4518957088,0.458609914219,1.32540508396,106.304347826,33.0091354715,2.38405674823
2,8,5,11.3286281051,0.58404464061,2.22952172871,166.304347826,65.2956052737,1.66467025948
2,9,20,11.4459511208,0.348512545078,2.7166891275,141.956521739,39.1690630593,1.96472715272
2,10,11,10.4499440383,0.56248565141,2.44487104218,102.826086957,20.6327139438,2.80264085054
2,11,22,10.0282041895,0.667191680988,2.5904020652,68.0434782609,14.8718533709,1.54946916744
2,12,11,10.7102437302,0.659052895987,1.9036277798,106.739130435,34.3450741881,1.79761237657
2,13,37,11.1697258019,0.477232914387,2.3348076145,126.304347826,24.5488595017,3.31193992211
2,14,13,10.7349989769,0.759287104551,2.15088236669,113.695652174,36.8668990012,1.93410212841
2,15,12,11.0774796286,0.813335657946,1.93405022573,135.434782609,38.727392942,2.33516319428
2,16,20,10.8714270158,0.506547369468,2.29438170217,96.7391304348,23.1539599229,2.23456940441
2,17,30,10.8900230833,0.59182699632,1.75200170253,92.3913043478,24.7100386754,1.91789680989
2,18,33,10.8573836928,0.597013870635,4.13364565273,115.869565217,80.0496065481,4.61127106928
2,19,2,11.1785148739,0.417121385521,2.09142132538,84.5652173913,18.0526430365,2.23982618649
2,20,7,11.208370644,0.387093798786,1.91728940253,166.304347826,16.4988399661,1.8973665961
2,21,17,10.7821293469,0.393049596124,2.83567470915,155.434782609,39.72495228,1.77306147814
2,22,34,10.9697792637,0.487953667524,3.56639675116,109.347826087,25.1648628322,1.76229158819
2,23,14,10.4182198583,0.461450427678,2.19515043002,72.8260869565,13.1732673109,2.11231475835
2,24,32,10.5508955405,0.821217465244,2.6902258755,92.8260869565,26.6957937965,3.07815956588
2,25,8,10.9515394243,0.42302246282,1.84317761848,85.8695652174,17.9159980679,2.28117713915
2,26,26,10.6167574598,0.594374935522,1.92550574354,74.1304347826,20.8333018273,1.96174209715
2,27,27,10.4253706038,0.659695653723,1.8859456226,63.2608695652,13.0724316334,1.66297526309
2,28,2,10.1954161362,0.9289235043,1.39233078351,49.347826087,10.5608328709,4.32278159036
2,29,22,10.3624093187,0.576836872581,2.24796575611,57.1739130435,21.0499451077,2.74708967937
2,30,2,10.8170631289,0.608245745201,3.03709658662,87.1739130435,20.6327139438,1.55936408226
2,31,22,10.5734007649,0.837492003494,2.04627100696,82.8260869565,15.3102755319,2.10145878671
2,32,28,10.3650115107,0.440581209423,1.94211971592,112.826086957,15.868076166,1.75358919792
2,33,17,10.4331046783,0.345437579222,1.71403762722,109.782608696,17.9054437235,1.94257172471
2,34,12,10.5696933363,0.422819144249,1.40049422348,121.086956522,29.597169435,1.89501082679
2,35,29,10.5025507076,0.672578134034,2.64513605442,113.260869565,10.8956209445,1.99521721117
2,36,2,10.15722354,0.691204361311,1.96857766339,76.7391304348,19.4829186977,2.47708622686
2,37,22,11.2748051646,0.330728307289,2.54314820357,170.217391304,49.5079761002,2.12526141427
3,0,28,10.8795797892,0.572900134079,2.86195147872,205.0,39.4277244404,1.77540045726
3,1,17,10.9399324836,0.684434686884,2.10083617575,120.454545455,29.6536480551,1.83941801845
3,2,19,10.9767300799,0.827977313952,1.65719561325,98.6363636364,34.3174292512,2.22521435987
3,3,2,11.3198374279,0.460932479219,3.06078500323,106.363636364,23.7975274777,2.0437570114
3,4,28,10.3987187763,0.517083196203,2.29000763196,103.636363636,16.5955784214,2.49244921227
3,5,2,10.0232153461,0.52005127048,2.20461981656,74.0909090909,8.99954085147,2.12132034356
3,6,20,10.3556591776,0.549642930388,2.23650638821,111.363636364,17.4630661021,1.50967969826
3,7,33,10.2244528091,0.621383842164,2.66012072142,110.0,16.1667447671,2.16493799489
3,8,29,10.4397454861,0.319145026036,2.55075085435,110.909090909,13.704375847,2.62026460089
3,9,2,10.5772206568,0.610710308781,2.16078732156,73.1818181818,17.7447466327,1.79310431852
3,10,22,10.9062234719,0.491228532906,2.53708828584,104.090909091,17.2966341731,1.78700032617
3,11,16,10.7052566337,0.724121558896,1.79870265596,106.363636364,32.5150950323,1.88723533801
3,12,22,10.4079690921,0.594284221278,2.01895170812,102.727272727,23.5356244836,2.02787365003
3,13,6,10.1292082736,0.75483515991,1.85265370538,68.6363636364,16.663911618,2.18217890236
3,14,16,9.78920479874,0.604559369035,2.05342564019,70.4545454545,13.0479091767,1.95085244002
3,15,20,10.3770872993,0.594912471251,1.60642499256,90.4545454545,14.3739893644,3.16227766017
3,16,8,9.92027960191,0.551234319958,2.17080288989,73.1818181818,14.6586504515,1.92253838613
3,17,16,10.3791219167,0.836503450727,1.63024089844,57.2727272727,9.96896009066,1.77824693509
3,18,23,10.2353515371,0.60391636652,2.43572723265,89.5454545455,19.4766229869,3.36067220167
3,19,9,9.82414087344,0.667818152221,3.18678623482,54.5454545455,10.6503404671,2.8594903185
3,20,10,9.69634900962,0.430427476177,3.22475190558,61.8181818182,11.4361323867,1.47061797201
3,21,27,9.92905371465,0.453121058925,2.62874611866,65.0,7.38548945876,2.70801280155
3,22,19,10.8987456118,0.535530006465,2.16031039151,121.818181818,22.8406264116,2.76620338878
3,23,0,11.0536058667,0.431344304884,2.33861094536,116.818181818,17.4867127833,1.81956335719
3,24,22,10.7012691312,0.580170323754,2.31979546767,71.8181818182,15.7786863252,2.10295188699
3,25,13,10.6790179975,0.49953700404,2.14999861838,74.5454545455,13.9731146809,2.17951016292
3,26,2,10.0290984721,0.614089570972,2.13843864673,61.8181818182,9.23745519677,2.50954593966
3,27,8,10.2175428016,0.426188376249,1.93294367418,63.1818181818,7.76727613211,2.34082294392
3,28,2,10.4749189109,0.613409334227,3.64057815536,73.1818181818,24.7966939945,3.29956008798
3,29,22,10.3727428661,0.513107089475,2.7932574441,81.8181818182,12.9286024121,1.30085072478
3,30,28,10.6852085054,0.493801831662,2.21418401846,123.636363636,35.2001361755,2.02736818993
3,31,31,10.5703944712,0.545034512886,1.54765386888,85.0,26.7989144963,2.98519553883
3,32,27,10.3081255916,0.577713065306,1.81101933133,80.0,26.2418818616,2.47695650575
3,33,33,10.9068021376,0.427130324183,2.318726402,112.272727273,37.8011325205,2.45302895824
3,34,12,10.3749604434,0.740150896907,1.56140759271,81.3636363636,28.0495429464,2.62522508039
3,35,15,10.1836469679,0.698858069182,2.03447904689,106.818181818,32.1412173267,1.81019335984
3,36,24,10.3544321786,0.510086612836,2.07707920543,92.2727272727,37.3170468214,3.02079833023
3,37,20,10.6213484213,0.540439956568,2.83634261458,116.363636364,26.6791465288,1.82301047689
3,38,16,10.1193646657,0.774987934423,1.7565514327,77.2727272727,14.7499824905,1.87981733165
3,39,28,10.5181279771,0.618077437686,1.44988569928,88.6363636364,16.934487282,2.14731250838
3,40,30,9.90385034868,0.435365890186,3.2211030636,75.9090909091,11.2448335244,1.85943979195
3,41,16,9.96620907411,0.575782679016,2.329656603,71.8181818182,14.8893994129,2.90017192665
3,42,19,10.5489460104,0.594657941497,1.43119103148,70.4545454545,25.7129738613,2.89913780286
3,43,2,10.9035958451,0.66318240626,2.31943545149,85.4545454545,17.7039473583,2.28505793854
3,44,26,10.7937887876,0.727184110998,2.10841875765,95.0,12.4316312102,1.60879933308
3,45,27,10.2596241018,0.424153709183,2.76523044869,89.0909090909,11.5440228175,2.24437280823
3,46,24,11.6555824822,0.570781622424,2.50887486131,172.272727273,43.6079452917,2.81433284477
3,47,7,11.6202104167,0.463324951506,1.87418596456,280.454545455,57.661021396,1.98653183333
